# WARNING | PUMAS | The simulation requires higher scattering requirements, of NMAX:8 and LMAX:49, for the selected aerosols having a max g of 0.87.
# ------------------------------------------------------------------------
# Radiance spectrum
# NASA-GSFC Planetary Spectrum Generator (PSG) (Villanueva et al. 2018, 2022)
# Synthesized on Tue Dec 23 23:15:15 2025
# Doppler velocities [km/s] (vobs,vrot+vorb,vwidth,vrfl,vstr): 0.00000,0.00000,0.00000,0.00000,-0.00000
# ------------------------------------------------------------------------
# Spectra synthesized with the Planetary and Universal Model of Atmospheric Scattering (PUMAS, Villanueva et al. 2018, 2022)
# Multiple scattering method employing PSGDORT, NMAX:2 / LMAX:40 / gMAX:0.87
# Radiative transfer took 2.895 seconds
# ------------------------------------------------------------------------
# Spectral unit: Wavelength [um]
# Radiance unit: Spectral irradiance [W/m2/um]
# Wave/freq Total Stellar Exoplanet
2.000000000e-01  1.6203446e-12  1.62034e-12  1.25463e-24
2.010000000e-01  1.8055668e-12  1.80557e-12  1.39714e-24
2.020050000e-01  1.9008258e-12  1.90083e-12  1.46990e-24
2.030150250e-01  1.9848999e-12  1.98490e-12  1.53392e-24
2.040301001e-01  2.2781217e-12  2.27812e-12  1.75937e-24
2.050502506e-01  2.4580326e-12  2.45803e-12  1.89708e-24
2.060755019e-01  2.4420344e-12  2.44203e-12  1.88350e-24
2.071058794e-01  2.7617190e-12  2.76172e-12  2.12868e-24
2.081414088e-01  3.1302495e-12  3.13025e-12  2.40696e-24
2.091821158e-01  4.4201062e-12  4.42011e-12  3.39655e-24
2.102280264e-01  6.2479585e-12  6.24796e-12  4.79800e-24
2.112791665e-01  7.4085722e-12  7.40857e-12  5.68556e-24
2.123355624e-01  7.4236446e-12  7.42364e-12  5.69341e-24
2.133972402e-01  7.0898277e-12  7.08983e-12  5.43384e-24
2.144642264e-01  9.3564238e-12  9.35642e-12  7.16635e-24
2.155365475e-01  7.9884066e-12  7.98841e-12  6.11456e-24
2.166142303e-01  7.2515235e-12  7.25152e-12  5.54692e-24
2.176973014e-01  8.6670062e-12  8.66701e-12  6.62536e-24
2.187857879e-01  1.0045730e-11  1.00457e-11  7.66912e-24
2.198797169e-01  1.1189463e-11  1.11895e-11  8.53400e-24
2.209791154e-01  9.3703880e-12  9.37039e-12  7.15594e-24
2.220840110e-01  9.8866370e-12  9.88664e-12  7.54703e-24
2.231944311e-01  1.3568351e-11  1.35684e-11  1.03311e-23
2.243104032e-01  1.3500713e-11  1.35007e-11  1.02780e-23
2.254319552e-01  1.1676982e-11  1.16770e-11  8.89679e-24
2.265591150e-01  8.0969412e-12  8.09694e-12  6.20448e-24
2.276919106e-01  9.1554306e-12  9.15543e-12  7.01013e-24
2.288303701e-01  1.1171445e-11  1.11714e-11  8.56523e-24
2.299745220e-01  1.0215467e-11  1.02155e-11  7.90666e-24
2.311243946e-01  1.1189776e-11  1.11898e-11  8.68410e-24
2.322800166e-01  1.1354674e-11  1.13547e-11  8.81895e-24
2.334414167e-01  9.4474789e-12  9.44748e-12  7.38524e-24
2.346086237e-01  8.2150684e-12  8.21507e-12  6.53180e-24
2.357816669e-01  1.1040993e-11  1.10410e-11  8.64276e-24
2.369605752e-01  1.0383174e-11  1.03832e-11  8.09340e-24
2.381453781e-01  8.9851200e-12  8.98512e-12  7.03674e-24
2.393361050e-01  9.5380059e-12  9.53801e-12  7.51684e-24
2.405327855e-01  8.3683530e-12  8.36835e-12  6.64648e-24
2.417354494e-01  1.2281890e-11  1.22819e-11  9.65267e-24
2.429441267e-01  1.5443686e-11  1.54437e-11  1.19138e-23
2.441588473e-01  1.4130265e-11  1.41303e-11  1.09307e-23
2.453796415e-01  1.0880936e-11  1.08809e-11  8.62567e-24
2.466065397e-01  1.1128088e-11  1.11281e-11  8.80837e-24
2.478395724e-01  1.1707913e-11  1.17079e-11  9.26917e-24
2.490787703e-01  1.0155569e-11  1.01556e-11  8.03469e-24
2.503241642e-01  1.3628481e-11  1.36285e-11  1.04647e-23
2.515757850e-01  9.7999342e-12  9.79993e-12  7.71016e-24
2.528336639e-01  9.1998699e-12  9.19987e-12  7.25961e-24
2.540978322e-01  1.1892576e-11  1.18926e-11  9.26448e-24
2.553683214e-01  1.6313108e-11  1.63131e-11  1.25451e-23
2.566451630e-01  2.3371743e-11  2.33717e-11  1.77703e-23
2.579283888e-01  2.8477902e-11  2.84779e-11  2.14968e-23
2.592180307e-01  2.5438791e-11  2.54388e-11  1.91822e-23
2.605141209e-01  1.8260933e-11  1.82609e-11  1.38898e-23
2.618166915e-01  2.1151897e-11  2.11519e-11  1.60699e-23
2.631257750e-01  2.5651828e-11  2.56518e-11  1.93562e-23
2.644414038e-01  5.5827351e-11  5.58274e-11  4.16381e-23
2.657636109e-01  5.7015498e-11  5.70155e-11  4.25080e-23
2.670924289e-01  5.5491019e-11  5.54910e-11  4.13216e-23
2.684278911e-01  5.4420960e-11  5.44210e-11  4.06300e-23
2.697700305e-01  5.6557347e-11  5.65573e-11  4.22926e-23
2.711188807e-01  5.7856708e-11  5.78567e-11  4.32235e-23
2.724744751e-01  4.5091880e-11  4.50919e-11  3.37036e-23
2.738368474e-01  3.8166564e-11  3.81666e-11  2.85357e-23
2.752060317e-01  3.5516494e-11  3.55165e-11  2.65821e-23
2.765820618e-01  5.8832295e-11  5.88323e-11  4.37395e-23
2.779649721e-01  4.6757009e-11  4.67570e-11  3.48077e-23
2.793547970e-01  2.0629315e-11  2.06293e-11  1.56908e-23
2.807515710e-01  2.6667296e-11  2.66673e-11  1.99747e-23
2.821553288e-01  6.3165348e-11  6.31653e-11  4.67718e-23
2.835661055e-01  7.4413605e-11  7.44136e-11  5.50848e-23
2.849839360e-01  3.8305740e-11  3.83057e-11  2.86687e-23
2.864088557e-01  7.1755056e-11  7.17551e-11  5.33997e-23
2.878409000e-01  7.2283330e-11  7.22833e-11  5.39653e-23
2.892801045e-01  1.0016383e-10  1.00164e-10  7.44539e-23
2.907265050e-01  1.3800220e-10  1.38002e-10  1.02035e-22
2.921801375e-01  1.1877696e-10  1.18777e-10  8.77136e-23
2.936410382e-01  1.1995361e-10  1.19954e-10  8.86287e-23
2.951092434e-01  1.1944783e-10  1.19448e-10  8.83627e-23
2.965847896e-01  1.1242269e-10  1.12423e-10  8.40811e-23
2.980677136e-01  1.1230137e-10  1.12301e-10  8.42463e-23
2.995580521e-01  1.0640187e-10  1.06402e-10  7.98894e-23
3.010558424e-01  1.0704125e-10  1.07041e-10  8.02773e-23
3.025611216e-01  1.1878016e-10  1.18780e-10  8.88122e-23
3.040739272e-01  1.3827724e-10  1.38277e-10  1.03065e-22
3.055942969e-01  1.4064151e-10  1.40642e-10  1.04730e-22
3.071222683e-01  1.3923902e-10  1.39239e-10  1.03245e-22
3.086578797e-01  1.3661906e-10  1.36619e-10  1.01071e-22
3.102011691e-01  1.3688078e-10  1.36881e-10  1.01123e-22
3.117521749e-01  1.6479651e-10  1.64797e-10  1.21979e-22
3.133109358e-01  1.5880174e-10  1.58802e-10  1.17609e-22
3.148774905e-01  1.5527356e-10  1.55274e-10  1.14388e-22
3.164518779e-01  1.4218131e-10  1.42181e-10  1.04362e-22
3.180341373e-01  1.6250165e-10  1.62502e-10  1.19532e-22
3.196243080e-01  1.7182293e-10  1.71823e-10  1.27367e-22
3.212224295e-01  1.7291629e-10  1.72916e-10  1.28496e-22
3.228285417e-01  1.5849830e-10  1.58498e-10  1.16836e-22
3.244426844e-01  1.7857307e-10  1.78573e-10  1.32099e-22
3.260648978e-01  2.2707952e-10  2.27080e-10  1.67633e-22
3.276952223e-01  2.2028492e-10  2.20285e-10  1.63168e-22
3.293336984e-01  2.4073635e-10  2.40736e-10  1.79034e-22
3.309803669e-01  2.1420327e-10  2.14203e-10  1.60496e-22
3.326352688e-01  2.2065175e-10  2.20652e-10  1.64539e-22
3.342984451e-01  2.0736332e-10  2.07363e-10  1.54906e-22
3.359699373e-01  2.0730594e-10  2.07306e-10  1.54796e-22
3.376497870e-01  1.9222414e-10  1.92224e-10  1.43617e-22
3.393380359e-01  2.3243213e-10  2.32432e-10  1.72599e-22
3.410347261e-01  2.1456515e-10  2.14565e-10  1.59494e-22
3.427398998e-01  2.3730406e-10  2.37304e-10  1.75805e-22
3.444535992e-01  1.8863762e-10  1.88638e-10  1.40693e-22
3.461758672e-01  2.0946797e-10  2.09468e-10  1.56151e-22
3.479067466e-01  2.0928296e-10  2.09283e-10  1.56630e-22
3.496462803e-01  2.2297629e-10  2.22976e-10  1.66544e-22
3.513945117e-01  2.2273323e-10  2.22733e-10  1.66281e-22
3.531514843e-01  2.3346533e-10  2.33465e-10  1.73896e-22
3.549172417e-01  2.5748899e-10  2.57489e-10  1.91159e-22
3.566918279e-01  2.0750079e-10  2.07501e-10  1.55472e-22
3.584752870e-01  1.8123222e-10  1.81232e-10  1.37172e-22
3.602676635e-01  2.3514707e-10  2.35147e-10  1.75706e-22
3.620690018e-01  2.3623686e-10  2.36237e-10  1.76314e-22
3.638793468e-01  2.3475197e-10  2.34752e-10  1.74750e-22
3.656987435e-01  2.7155868e-10  2.71559e-10  2.01743e-22
3.675272373e-01  2.7180611e-10  2.71806e-10  2.02275e-22
3.693648734e-01  2.8351535e-10  2.83515e-10  2.10810e-22
3.712116978e-01  2.6473905e-10  2.64739e-10  1.97055e-22
3.730677563e-01  2.2826972e-10  2.28270e-10  1.70541e-22
3.749330951e-01  2.4582085e-10  2.45821e-10  1.83868e-22
3.768077606e-01  2.7671135e-10  2.76711e-10  2.07647e-22
3.786917994e-01  3.0371530e-10  3.03715e-10  2.26885e-22
3.805852584e-01  2.7734836e-10  2.77348e-10  2.08343e-22
3.824881846e-01  1.9335431e-10  1.93354e-10  1.46258e-22
3.844006256e-01  2.3348406e-10  2.33484e-10  1.76045e-22
3.863226287e-01  2.3591300e-10  2.35913e-10  1.77738e-22
3.882542418e-01  2.5350390e-10  2.53504e-10  1.89922e-22
3.901955131e-01  3.1453376e-10  3.14534e-10  2.33721e-22
3.921464906e-01  2.7634675e-10  2.76347e-10  2.05737e-22
3.941072231e-01  2.0404300e-10  2.04043e-10  1.54084e-22
3.960777592e-01  2.5089519e-10  2.50895e-10  1.88362e-22
3.980581480e-01  3.1599320e-10  3.15993e-10  2.35109e-22
4.000484387e-01  4.0608083e-10  4.06081e-10  2.99780e-22
4.020486809e-01  4.2871769e-10  4.28718e-10  3.14893e-22
4.040589243e-01  3.8943888e-10  3.89439e-10  2.87176e-22
4.060792189e-01  3.9472810e-10  3.94728e-10  2.90792e-22
4.081096150e-01  4.0731667e-10  4.07317e-10  3.00201e-22
4.101501631e-01  4.0775716e-10  4.07757e-10  3.00573e-22
4.122009139e-01  4.5421944e-10  4.54219e-10  3.34045e-22
4.142619185e-01  4.3969360e-10  4.39694e-10  3.23957e-22
4.163332281e-01  4.3280472e-10  4.32805e-10  3.19303e-22
4.184148942e-01  4.2557902e-10  4.25579e-10  3.12580e-22
4.205069687e-01  4.1974897e-10  4.19749e-10  3.07478e-22
4.226095035e-01  4.0378019e-10  4.03780e-10  2.97134e-22
4.247225511e-01  4.1369280e-10  4.13693e-10  3.04763e-22
4.268461638e-01  3.8955690e-10  3.89557e-10  2.87365e-22
4.289803946e-01  3.7106010e-10  3.71060e-10  2.74271e-22
4.311252966e-01  3.4740068e-10  3.47401e-10  2.58161e-22
4.332809231e-01  3.9889118e-10  3.98891e-10  2.94939e-22
4.354473277e-01  4.3630383e-10  4.36304e-10  3.21986e-22
4.376245643e-01  4.1803686e-10  4.18037e-10  3.08414e-22
4.398126872e-01  4.2402288e-10  4.24023e-10  3.11656e-22
4.420117506e-01  4.7447947e-10  4.74479e-10  3.46717e-22
4.442218094e-01  4.8091677e-10  4.80917e-10  3.52870e-22
4.464429184e-01  4.5981900e-10  4.59819e-10  3.38592e-22
4.486751330e-01  4.8551577e-10  4.85516e-10  3.57681e-22
4.509185087e-01  5.1067208e-10  5.10672e-10  3.75174e-22
4.531731012e-01  4.7334714e-10  4.73347e-10  3.46604e-22
4.554389667e-01  4.8490982e-10  4.84910e-10  3.53999e-22
4.577161615e-01  4.9373329e-10  4.93733e-10  3.60835e-22
4.600047424e-01  4.9213287e-10  4.92133e-10  3.59347e-22
4.623047661e-01  5.0418806e-10  5.04188e-10  3.69207e-22
4.646162899e-01  4.8189517e-10  4.81895e-10  3.54622e-22
4.669393713e-01  4.7696179e-10  4.76962e-10  3.50796e-22
4.692740682e-01  4.7337065e-10  4.73371e-10  3.46868e-22
4.716204385e-01  4.8791567e-10  4.87916e-10  3.56324e-22
4.739785407e-01  4.8994914e-10  4.89949e-10  3.58908e-22
4.763484334e-01  4.8780234e-10  4.87802e-10  3.58764e-22
4.787301756e-01  5.0583045e-10  5.05830e-10  3.73324e-22
4.811238265e-01  5.0637362e-10  5.06374e-10  3.73313e-22
4.835294456e-01  4.9278092e-10  4.92781e-10  3.61811e-22
4.859470928e-01  4.2827548e-10  4.28275e-10  3.11656e-22
4.883768283e-01  4.6113589e-10  4.61136e-10  3.41183e-22
4.908187124e-01  4.7946708e-10  4.79467e-10  3.55732e-22
4.932728060e-01  4.7366508e-10  4.73665e-10  3.51662e-22
4.957391700e-01  4.8713986e-10  4.87140e-10  3.62115e-22
4.982178659e-01  4.7257186e-10  4.72572e-10  3.51876e-22
5.007089552e-01  4.4383967e-10  4.43840e-10  3.30699e-22
5.032125000e-01  4.4041501e-10  4.40415e-10  3.27408e-22
5.057285625e-01  4.6223923e-10  4.62239e-10  3.41865e-22
5.082572053e-01  4.5269404e-10  4.52694e-10  3.33089e-22
5.107984913e-01  4.5495959e-10  4.54960e-10  3.33982e-22
5.133524838e-01  4.3417494e-10  4.34175e-10  3.22191e-22
5.159192462e-01  4.1695615e-10  4.16956e-10  3.08581e-22
5.184988424e-01  3.9534970e-10  3.95350e-10  2.94086e-22
5.210913367e-01  4.3685574e-10  4.36856e-10  3.22149e-22
5.236967933e-01  4.3793850e-10  4.37938e-10  3.22425e-22
5.263152773e-01  4.1836847e-10  4.18368e-10  3.09829e-22
5.289468537e-01  4.4986608e-10  4.49866e-10  3.33262e-22
5.315915880e-01  4.4903675e-10  4.49037e-10  3.32328e-22
5.342495459e-01  4.4797495e-10  4.47975e-10  3.28672e-22
5.369207936e-01  4.4593280e-10  4.45933e-10  3.21191e-22
5.396053976e-01  4.3060951e-10  4.30610e-10  3.04667e-22
5.423034246e-01  4.3360597e-10  4.33606e-10  2.96658e-22
5.450149417e-01  4.4559925e-10  4.45599e-10  3.11403e-22
5.477400164e-01  4.4074976e-10  4.40750e-10  3.25778e-22
5.504787165e-01  4.4359523e-10  4.43595e-10  3.30859e-22
5.532311101e-01  4.4383541e-10  4.43835e-10  3.30907e-22
5.559972656e-01  4.4106013e-10  4.41060e-10  3.27941e-22
5.587772520e-01  4.3028936e-10  4.30289e-10  3.20050e-22
5.615711382e-01  4.3561368e-10  4.35614e-10  3.24219e-22
5.643789939e-01  4.3985958e-10  4.39860e-10  3.26874e-22
5.672008889e-01  4.3514504e-10  4.35145e-10  3.20789e-22
5.700368933e-01  4.2821520e-10  4.28215e-10  3.12842e-22
5.728870778e-01  4.4326071e-10  4.43261e-10  3.19046e-22
5.757515132e-01  4.3566607e-10  4.35666e-10  3.08335e-22
5.786302707e-01  4.3079234e-10  4.30792e-10  3.09671e-22
5.815234221e-01  4.3723089e-10  4.37231e-10  3.22203e-22
5.844310392e-01  4.3520322e-10  4.35203e-10  3.24134e-22
5.873531944e-01  4.3432545e-10  4.34325e-10  3.24740e-22
5.902899604e-01  4.0358393e-10  4.03584e-10  3.00674e-22
5.932414102e-01  4.2802079e-10  4.28021e-10  3.13525e-22
5.962076172e-01  4.2662026e-10  4.26620e-10  3.05685e-22
5.991886553e-01  4.2274116e-10  4.22741e-10  3.04302e-22
6.021845986e-01  4.1447695e-10  4.14477e-10  3.03794e-22
6.051955216e-01  4.2046282e-10  4.20463e-10  3.09995e-22
6.082214992e-01  4.1515673e-10  4.15157e-10  2.95781e-22
6.112626067e-01  4.0872199e-10  4.08722e-10  2.80538e-22
6.143189197e-01  4.0513979e-10  4.05140e-10  2.49970e-22
6.173905143e-01  3.9861144e-10  3.98611e-10  2.26104e-22
6.204774669e-01  4.0646472e-10  4.06465e-10  2.18037e-22
6.235798542e-01  3.9938209e-10  3.99382e-10  2.46809e-22
6.266977535e-01  3.9521389e-10  3.95214e-10  2.74590e-22
6.298312423e-01  4.0033887e-10  4.00339e-10  2.95976e-22
6.329803985e-01  3.9197073e-10  3.91971e-10  2.94796e-22
6.361453005e-01  3.9490527e-10  3.94905e-10  2.95445e-22
6.393260270e-01  3.9331505e-10  3.93315e-10  2.89926e-22
6.425226571e-01  3.8851850e-10  3.88518e-10  2.77949e-22
6.457352704e-01  3.8758485e-10  3.87585e-10  2.78742e-22
6.489639467e-01  3.8028899e-10  3.80289e-10  2.67895e-22
6.522087665e-01  3.8156589e-10  3.81566e-10  2.63428e-22
6.554698103e-01  3.4486068e-10  3.44861e-10  2.27767e-22
6.587471594e-01  3.6946825e-10  3.69468e-10  2.36730e-22
6.620408952e-01  3.7173610e-10  3.71736e-10  2.31996e-22
6.653510996e-01  3.7018379e-10  3.70184e-10  2.15948e-22
6.686778551e-01  3.6829909e-10  3.68299e-10  2.21578e-22
6.720212444e-01  3.6230516e-10  3.62305e-10  2.36071e-22
6.753813506e-01  3.6116581e-10  3.61166e-10  2.65733e-22
6.787582574e-01  3.5972353e-10  3.59724e-10  2.70186e-22
6.821520487e-01  3.5777794e-10  3.57778e-10  2.41589e-22
6.855628089e-01  3.5153177e-10  3.51532e-10  2.37794e-22
6.889906230e-01  3.5281840e-10  3.52818e-10  2.54417e-22
6.924355761e-01  3.4957284e-10  3.49573e-10  2.54233e-22
6.958977540e-01  3.4704178e-10  3.47042e-10  2.21514e-22
6.993772427e-01  3.4146938e-10  3.41469e-10  1.87487e-22
7.028741289e-01  3.3743671e-10  3.37437e-10  1.70064e-22
7.063884996e-01  3.3998705e-10  3.39987e-10  1.82828e-22
7.099204421e-01  3.3520710e-10  3.35207e-10  1.96886e-22
7.134700443e-01  3.3117458e-10  3.31175e-10  1.99048e-22
7.170373945e-01  3.2760534e-10  3.27605e-10  1.51229e-22
7.206225815e-01  3.2283237e-10  3.22832e-10  1.09414e-22
7.242256944e-01  3.2576003e-10  3.25760e-10  7.15516e-23
7.278468229e-01  3.1931861e-10  3.19319e-10  5.29763e-23
7.314860570e-01  3.1859214e-10  3.18592e-10  8.61657e-23
7.351434873e-01  3.1719663e-10  3.17197e-10  1.21626e-22
7.388192047e-01  3.1061872e-10  3.10619e-10  1.47287e-22
7.425133007e-01  3.0738388e-10  3.07384e-10  2.01384e-22
7.462258672e-01  3.0901647e-10  3.09016e-10  2.40407e-22
7.499569966e-01  3.0475141e-10  3.04751e-10  2.00482e-22
7.537067815e-01  3.0351305e-10  3.03513e-10  1.90781e-22
7.574753155e-01  3.0068246e-10  3.00682e-10  1.73262e-22
7.612626920e-01  2.9909381e-10  2.99094e-10  1.45966e-22
7.650690055e-01  2.9308535e-10  2.93085e-10  1.31330e-22
7.688943505e-01  2.9303470e-10  2.93035e-10  1.25832e-22
7.727388223e-01  2.8900940e-10  2.89009e-10  1.11911e-22
7.766025164e-01  2.8710301e-10  2.87103e-10  9.97071e-23
7.804855290e-01  2.8625843e-10  2.86258e-10  7.86522e-23
7.843879566e-01  2.8353568e-10  2.83536e-10  7.20065e-23
7.883098964e-01  2.8252760e-10  2.82528e-10  7.41806e-23
7.922514459e-01  2.7544042e-10  2.75440e-10  6.77679e-23
7.962127031e-01  2.7516026e-10  2.75160e-10  6.07401e-23
8.001937666e-01  2.7395203e-10  2.73952e-10  6.57929e-23
8.041947355e-01  2.7010000e-10  2.70100e-10  7.53216e-23
8.082157091e-01  2.6710088e-10  2.67101e-10  8.62445e-23
8.122567877e-01  2.6810940e-10  2.68109e-10  9.68705e-23
8.163180716e-01  2.6433128e-10  2.64331e-10  1.08978e-22
8.203996620e-01  2.5759376e-10  2.57594e-10  1.24984e-22
8.245016603e-01  2.5984206e-10  2.59842e-10  1.46512e-22
8.286241686e-01  2.5804018e-10  2.58040e-10  1.61958e-22
8.327672894e-01  2.5167692e-10  2.51677e-10  1.20421e-22
8.369311259e-01  2.5215912e-10  2.52159e-10  7.89023e-23
8.411157815e-01  2.5125270e-10  2.51253e-10  7.17871e-23
8.453213604e-01  2.4710465e-10  2.47105e-10  7.57663e-23
8.495479672e-01  2.3931021e-10  2.39310e-10  7.29567e-23
8.537957071e-01  2.2202033e-10  2.22020e-10  5.22176e-23
8.580646856e-01  2.4166816e-10  2.41668e-10  3.40665e-23
8.623550090e-01  2.4027801e-10  2.40278e-10  2.62699e-23
8.666667841e-01  2.2240603e-10  2.22406e-10  2.59497e-23
8.710001180e-01  2.3331693e-10  2.33317e-10  3.12189e-23
8.753551186e-01  2.2985378e-10  2.29854e-10  2.19344e-23
8.797318942e-01  2.2870368e-10  2.28704e-10  6.36464e-24
8.841305536e-01  2.2801905e-10  2.28019e-10  4.70170e-24
8.885512064e-01  2.2600828e-10  2.26008e-10  2.95313e-24
8.929939624e-01  2.2353833e-10  2.23538e-10  2.96740e-24
8.974589322e-01  2.2312363e-10  2.23124e-10  4.93464e-24
9.019462269e-01  2.1458311e-10  2.14583e-10  5.58093e-24
9.064559580e-01  2.1706350e-10  2.17063e-10  1.40051e-23
9.109882378e-01  2.1339096e-10  2.13391e-10  2.36245e-23
9.155431790e-01  2.1319177e-10  2.13192e-10  3.25063e-23
9.201208949e-01  2.0869757e-10  2.08698e-10  4.41145e-23
9.247214994e-01  2.0281274e-10  2.02813e-10  5.33006e-23
9.293451069e-01  2.0687114e-10  2.06871e-10  6.71818e-23
9.339918324e-01  2.0475848e-10  2.04758e-10  9.18129e-23
9.386617916e-01  2.0185103e-10  2.01851e-10  1.04429e-22
9.433551005e-01  1.9630857e-10  1.96309e-10  8.08071e-23
9.480718760e-01  1.9924948e-10  1.99249e-10  5.73713e-23
9.528122354e-01  1.9250826e-10  1.92508e-10  4.69857e-23
9.575762966e-01  1.9347033e-10  1.93470e-10  3.50855e-23
9.623641781e-01  1.9132899e-10  1.91329e-10  2.46813e-23
9.671759990e-01  1.8926207e-10  1.89262e-10  2.03327e-23
9.720118790e-01  1.8766344e-10  1.87663e-10  1.27514e-23
9.768719384e-01  1.8590210e-10  1.85902e-10  9.73289e-24
9.817562981e-01  1.8476856e-10  1.84769e-10  8.18648e-24
9.866650795e-01  1.8228447e-10  1.82284e-10  6.61011e-24
9.915984049e-01  1.8088836e-10  1.80888e-10  5.26278e-24
9.965563970e-01  1.7893686e-10  1.78937e-10  3.82478e-24
1.001539179e+00  1.7595245e-10  1.75952e-10  3.92047e-24
1.006546875e+00  1.6955160e-10  1.69552e-10  4.04914e-24
1.011579609e+00  1.7331213e-10  1.73312e-10  4.78464e-24
1.016637507e+00  1.7129392e-10  1.71294e-10  6.26588e-24
1.021720695e+00  1.6914007e-10  1.69140e-10  8.75618e-24
1.026829298e+00  1.6785002e-10  1.67850e-10  1.13801e-23
1.031963445e+00  1.6494667e-10  1.64947e-10  1.47686e-23
1.037123262e+00  1.6337639e-10  1.63376e-10  1.84769e-23
1.042308878e+00  1.6247230e-10  1.62472e-10  2.14315e-23
1.047520423e+00  1.5980859e-10  1.59809e-10  2.20774e-23
1.052758025e+00  1.5903651e-10  1.59037e-10  2.14760e-23
1.058021815e+00  1.5573484e-10  1.55735e-10  2.03951e-23
1.063311924e+00  1.5586368e-10  1.55864e-10  1.89445e-23
1.068628484e+00  1.5027937e-10  1.50279e-10  1.65358e-23
1.073971626e+00  1.5070934e-10  1.50709e-10  1.44498e-23
1.079341484e+00  1.4883435e-10  1.48834e-10  1.25574e-23
1.084738192e+00  1.4516124e-10  1.45161e-10  1.06318e-23
1.090161883e+00  1.4599315e-10  1.45993e-10  8.02455e-24
1.095612692e+00  1.3924210e-10  1.39242e-10  6.80813e-24
1.101090755e+00  1.4209621e-10  1.42096e-10  6.49543e-24
1.106596209e+00  1.4171527e-10  1.41715e-10  3.79181e-24
1.112129190e+00  1.3966433e-10  1.39664e-10  2.08011e-24
1.117689836e+00  1.3796128e-10  1.37961e-10  1.11176e-24
1.123278285e+00  1.3632220e-10  1.36322e-10  3.64451e-25
1.128894677e+00  1.3496734e-10  1.34967e-10  4.69550e-25
1.134539150e+00  1.3361022e-10  1.33610e-10  2.99611e-25
1.140211846e+00  1.3054009e-10  1.30540e-10  3.65439e-25
1.145912905e+00  1.3073519e-10  1.30735e-10  2.08722e-25
1.151642470e+00  1.2961383e-10  1.29614e-10  1.07970e-25
1.157400682e+00  1.2763523e-10  1.27635e-10  1.09894e-25
1.163187685e+00  1.2467179e-10  1.24672e-10  9.11071e-26
1.169003624e+00  1.2491333e-10  1.24913e-10  1.13486e-25
1.174848642e+00  1.2330058e-10  1.23301e-10  1.36442e-25
1.180722885e+00  1.2079254e-10  1.20793e-10  1.82474e-25
1.186626500e+00  1.1978420e-10  1.19784e-10  2.30320e-25
1.192559632e+00  1.2023295e-10  1.20233e-10  3.45994e-25
1.198522430e+00  1.1644542e-10  1.16445e-10  5.86675e-25
1.204515042e+00  1.1626898e-10  1.16269e-10  7.31239e-25
1.210537618e+00  1.1415373e-10  1.14154e-10  1.25990e-24
1.216590306e+00  1.1485698e-10  1.14857e-10  1.97755e-24
1.222673257e+00  1.1366642e-10  1.13666e-10  2.30845e-24
1.228786624e+00  1.1164310e-10  1.11643e-10  2.09304e-24
1.234930557e+00  1.1113020e-10  1.11130e-10  2.09977e-24
1.241105209e+00  1.0894470e-10  1.08945e-10  2.55946e-24
1.247310736e+00  1.0865719e-10  1.08657e-10  2.97688e-24
1.253547289e+00  1.0728733e-10  1.07287e-10  3.73167e-24
1.259815026e+00  1.0557209e-10  1.05572e-10  4.42770e-24
1.266114101e+00  1.0461336e-10  1.04613e-10  5.18833e-24
1.272444671e+00  1.0421721e-10  1.04217e-10  5.81507e-24
1.278806895e+00  9.9685431e-11  9.96854e-11  5.96524e-24
1.285200929e+00  9.9752562e-11  9.97526e-11  5.73793e-24
1.291626934e+00  1.0031436e-10  1.00314e-10  5.16542e-24
1.298085068e+00  9.9658603e-11  9.96586e-11  4.18717e-24
1.304575494e+00  9.8333629e-11  9.83336e-11  2.55483e-24
1.311098371e+00  9.6537149e-11  9.65371e-11  1.85340e-24
1.317653863e+00  9.5192223e-11  9.51922e-11  1.42784e-24
1.324242132e+00  9.5188575e-11  9.51886e-11  1.17671e-24
1.330863343e+00  9.2780991e-11  9.27810e-11  2.62647e-25
1.337517660e+00  9.2622561e-11  9.26226e-11  2.90470e-25
1.344205248e+00  9.1686647e-11  9.16866e-11  1.94806e-25
1.350926274e+00  9.0415489e-11  9.04155e-11  1.14112e-25
1.357680906e+00  8.9444028e-11  8.94440e-11  5.61984e-26
1.364469310e+00  8.8285008e-11  8.82850e-11  7.73566e-26
1.371291657e+00  8.7147757e-11  8.71478e-11  5.68076e-26
1.378148115e+00  8.6501296e-11  8.65013e-11  5.12684e-26
1.385038856e+00  8.5352918e-11  8.53529e-11  3.82052e-26
1.391964050e+00  8.4456322e-11  8.44563e-11  5.25666e-26
1.398923870e+00  8.3258522e-11  8.32585e-11  4.61181e-26
1.405918490e+00  8.2366578e-11  8.23666e-11  5.31715e-26
1.412948082e+00  8.1314641e-11  8.13146e-11  7.41764e-26
1.420012822e+00  8.0254652e-11  8.02547e-11  1.26095e-25
1.427112886e+00  7.8994314e-11  7.89943e-11  1.41460e-25
1.434248451e+00  7.8738650e-11  7.87387e-11  1.83543e-25
1.441419693e+00  7.6478390e-11  7.64784e-11  2.82652e-25
1.448626792e+00  7.6357726e-11  7.63577e-11  3.80903e-25
1.455869926e+00  7.5109794e-11  7.51098e-11  5.69348e-25
1.463149275e+00  7.4760372e-11  7.47604e-11  7.87698e-25
1.470465022e+00  7.4004803e-11  7.40048e-11  7.24019e-25
1.477817347e+00  7.2941754e-11  7.29418e-11  9.60763e-25
1.485206433e+00  7.0109394e-11  7.01094e-11  1.22461e-24
1.492632466e+00  7.1126464e-11  7.11265e-11  1.61122e-24
1.500095628e+00  6.8917439e-11  6.89174e-11  1.82425e-24
1.507596106e+00  6.7701888e-11  6.77019e-11  1.77527e-24
1.515134087e+00  6.8295649e-11  6.82956e-11  2.00048e-24
1.522709757e+00  6.6992705e-11  6.69927e-11  2.17364e-24
1.530323306e+00  6.6310671e-11  6.63107e-11  2.49635e-24
1.537974922e+00  6.5482123e-11  6.54821e-11  2.48009e-24
1.545664797e+00  6.5011165e-11  6.50112e-11  2.72762e-24
1.553393121e+00  6.3404726e-11  6.34047e-11  2.56111e-24
1.561160087e+00  6.2520770e-11  6.25208e-11  2.03338e-24
1.568965887e+00  6.1638523e-11  6.16385e-11  1.95774e-24
1.576810716e+00  5.9301092e-11  5.93011e-11  1.92897e-24
1.584694770e+00  5.8971803e-11  5.89718e-11  1.68032e-24
1.592618244e+00  5.7606792e-11  5.76068e-11  1.27147e-24
1.600581335e+00  5.8259491e-11  5.82595e-11  8.99710e-25
1.608584242e+00  5.6920985e-11  5.69210e-11  5.12694e-25
1.616627163e+00  5.5920293e-11  5.59203e-11  2.48144e-25
1.624710299e+00  5.5764757e-11  5.57648e-11  1.29586e-25
1.632833850e+00  5.4711609e-11  5.47116e-11  8.23132e-26
1.640998020e+00  5.2317653e-11  5.23177e-11  6.96067e-26
1.649203010e+00  5.2682135e-11  5.26821e-11  4.34302e-26
1.657449025e+00  5.2362269e-11  5.23623e-11  6.08727e-26
1.665736270e+00  5.1212129e-11  5.12121e-11  3.82366e-26
1.674064951e+00  4.9816708e-11  4.98167e-11  2.83199e-26
1.682435276e+00  4.8600654e-11  4.86007e-11  4.02863e-26
1.690847452e+00  4.8852146e-11  4.88521e-11  2.48003e-26
1.699301690e+00  4.8108272e-11  4.81083e-11  1.11499e-26
1.707798198e+00  4.6961301e-11  4.69613e-11  1.09973e-26
1.716337189e+00  4.6808508e-11  4.68085e-11  2.56687e-26
1.724918875e+00  4.5476814e-11  4.54768e-11  1.80016e-26
1.733543469e+00  4.2958088e-11  4.29581e-11  9.96998e-27
1.742211187e+00  4.3225907e-11  4.32259e-11  1.92888e-26
1.750922243e+00  4.3176641e-11  4.31766e-11  1.94203e-26
1.759676854e+00  4.2430856e-11  4.24309e-11  1.80144e-26
1.768475238e+00  4.1987931e-11  4.19879e-11  1.82258e-26
1.777317614e+00  4.1132581e-11  4.11326e-11  2.76833e-26
1.786204202e+00  4.0481365e-11  4.04814e-11  1.66413e-26
1.795135223e+00  3.9533819e-11  3.95338e-11  1.71236e-26
1.804110899e+00  3.8697285e-11  3.86973e-11  2.66481e-26
1.813131454e+00  3.7217150e-11  3.72171e-11  2.79666e-26
1.822197111e+00  3.7116617e-11  3.71166e-11  2.97742e-26
1.831308097e+00  3.7180756e-11  3.71808e-11  3.08188e-26
1.840464637e+00  3.5677755e-11  3.56778e-11  3.03489e-26
1.849666960e+00  3.5453170e-11  3.54532e-11  3.27219e-26
1.858915295e+00  3.5207440e-11  3.52074e-11  3.88399e-26
1.868209872e+00  3.4305067e-11  3.43051e-11  4.08200e-26
1.877550921e+00  3.1884776e-11  3.18848e-11  4.17418e-26
1.886938676e+00  3.3024010e-11  3.30240e-11  4.20949e-26
1.896373369e+00  3.2444437e-11  3.24444e-11  4.08083e-26
1.905855236e+00  3.2109191e-11  3.21092e-11  3.69772e-26
1.915384512e+00  3.1385565e-11  3.13856e-11  3.38006e-26
1.924961435e+00  3.0933612e-11  3.09336e-11  3.21922e-26
1.934586242e+00  3.0075622e-11  3.00756e-11  3.15696e-26
1.944259173e+00  2.8218028e-11  2.82180e-11  2.91291e-26
1.953980469e+00  2.8859862e-11  2.88599e-11  2.82118e-26
1.963750371e+00  2.8740874e-11  2.87409e-11  2.77887e-26
1.973569123e+00  2.7834732e-11  2.78347e-11  2.63310e-26
1.983436969e+00  2.7449750e-11  2.74497e-11  2.48085e-26
1.993354154e+00  2.6881137e-11  2.68811e-11  2.30180e-26
