0.000000 -0.104189 -0.590885
0.038054 -0.103979 -0.589695
0.075955 -0.103351 -0.586131
0.113551 -0.102306 -0.580207
0.150689 -0.100850 -0.571946
0.187220 -0.098987 -0.561382
0.222997 -0.096726 -0.548558
0.257877 -0.094075 -0.533525
0.291718 -0.091045 -0.516344
0.324384 -0.087649 -0.497084
0.355745 -0.083900 -0.475822
0.385673 -0.079813 -0.452644
0.414047 -0.075405 -0.427643
0.440755 -0.070693 -0.400921
0.465688 -0.065697 -0.372584
0.488746 -0.060435 -0.342747
0.509835 -0.054931 -0.311529
0.528872 -0.049205 -0.279058
0.545779 -0.043282 -0.245462
0.560489 -0.037184 -0.210879
0.572941 -0.030936 -0.175446
0.583087 -0.024563 -0.139306
0.590885 -0.018092 -0.102606
0.596303 -0.011548 -0.065493
0.599320 -0.004958 -0.028115
0.599924 0.001653 0.009375
0.598113 0.008257 0.046828
0.593893 0.014828 0.084092
0.587281 0.021339 0.121017
0.578305 0.027764 0.157455
0.567000 0.034077 0.193259
0.553413 0.040253 0.228285
0.537596 0.046267 0.262392
0.519615 0.052094 0.295442
0.499542 0.057712 0.327303
0.477457 0.063098 0.357845
0.453450 0.068229 0.386947
0.427617 0.073086 0.414491
0.400061 0.077648 0.440365
0.370895 0.081898 0.464467
0.340236 0.085818 0.486698
0.308206 0.089392 0.506969
0.274936 0.092607 0.525199
0.240558 0.095448 0.541314
0.205212 0.097906 0.555250
0.169040 0.099969 0.566950
0.132186 0.101629 0.576366
0.094801 0.102880 0.583462
0.057034 0.103717 0.588209
0.019037 0.104136 0.590587
-0.019037 0.104136 0.590587
-0.057034 0.103717 0.588209
-0.094801 0.102880 0.583462
-0.132186 0.101629 0.576366
-0.169040 0.099969 0.566950
-0.205212 0.097906 0.555250
-0.240558 0.095448 0.541314
-0.274936 0.092607 0.525199
-0.308206 0.089392 0.506969
-0.340236 0.085818 0.486698
-0.370895 0.081898 0.464467
-0.400061 0.077648 0.440365
-0.427617 0.073086 0.414491
-0.453450 0.068229 0.386947
-0.477457 0.063098 0.357845
-0.499542 0.057712 0.327303
-0.519615 0.052094 0.295442
-0.537596 0.046267 0.262392
-0.553413 0.040253 0.228285
-0.567000 0.034077 0.193259
-0.578305 0.027764 0.157455
-0.587281 0.021339 0.121017
-0.593893 0.014828 0.084092
-0.598113 0.008257 0.046828
-0.599924 0.001653 0.009375
-0.599320 -0.004958 -0.028115
-0.596303 -0.011548 -0.065493
-0.590885 -0.018092 -0.102606
-0.583087 -0.024563 -0.139306
-0.572941 -0.030936 -0.175446
-0.560489 -0.037184 -0.210879
-0.545779 -0.043282 -0.245462
-0.528872 -0.049205 -0.279058
-0.509835 -0.054931 -0.311529
-0.488746 -0.060435 -0.342747
-0.465688 -0.065697 -0.372584
-0.440755 -0.070693 -0.400921
-0.414047 -0.075405 -0.427643
-0.385673 -0.079813 -0.452644
-0.355745 -0.083900 -0.475822
-0.324384 -0.087649 -0.497084
-0.291718 -0.091045 -0.516344
-0.257877 -0.094075 -0.533525
-0.222997 -0.096726 -0.548558
-0.187220 -0.098987 -0.561382
-0.150689 -0.100850 -0.571946
-0.113551 -0.102306 -0.580207
-0.075955 -0.103351 -0.586131
-0.038054 -0.103979 -0.589695
-0.000000 -0.104189 -0.590885
