0.000000 0.102606 -0.281908
0.019027 0.102399 -0.281340
0.037978 0.101781 -0.279640
0.056775 0.100752 -0.276813
0.075344 0.099317 -0.272872
0.093610 0.097483 -0.267832
0.111499 0.095256 -0.261714
0.128938 0.092646 -0.254542
0.145859 0.089662 -0.246345
0.162192 0.086318 -0.237156
0.177872 0.082626 -0.227012
0.192836 0.078601 -0.215954
0.207024 0.074259 -0.204026
0.220378 0.069619 -0.191277
0.232844 0.064699 -0.177758
0.244373 0.059517 -0.163523
0.254918 0.054097 -0.148629
0.264436 0.048458 -0.133137
0.272890 0.042624 -0.117109
0.280244 0.036619 -0.100609
0.286471 0.030466 -0.083704
0.291543 0.024190 -0.066462
0.295442 0.017817 -0.048953
0.298152 0.011373 -0.031246
0.299660 0.004882 -0.013414
0.299962 -0.001628 0.004473
0.299056 -0.008132 0.022341
0.296946 -0.014602 0.040120
0.293641 -0.021014 0.057737
0.289153 -0.027342 0.075121
0.283500 -0.033559 0.092203
0.276706 -0.039641 0.108914
0.268798 -0.045564 0.125186
0.259808 -0.051303 0.140954
0.249771 -0.056836 0.156154
0.238729 -0.062139 0.170726
0.226725 -0.067193 0.184610
0.213808 -0.071976 0.197751
0.200031 -0.076469 0.210096
0.185448 -0.080654 0.221594
0.170118 -0.084514 0.232201
0.154103 -0.088034 0.241872
0.137468 -0.091200 0.250570
0.120279 -0.093998 0.258258
0.102606 -0.096418 0.264907
0.084520 -0.098450 0.270489
0.066093 -0.100085 0.274981
0.047400 -0.101317 0.278367
0.028517 -0.102141 0.280631
0.009518 -0.102554 0.281766
-0.009518 -0.102554 0.281766
-0.028517 -0.102141 0.280631
-0.047400 -0.101317 0.278367
-0.066093 -0.100085 0.274981
-0.084520 -0.098450 0.270489
-0.102606 -0.096418 0.264907
-0.120279 -0.093998 0.258258
-0.137468 -0.091200 0.250570
-0.154103 -0.088034 0.241872
-0.170118 -0.084514 0.232201
-0.185448 -0.080654 0.221594
-0.200031 -0.076469 0.210096
-0.213808 -0.071976 0.197751
-0.226725 -0.067193 0.184610
-0.238729 -0.062139 0.170726
-0.249771 -0.056836 0.156154
-0.259808 -0.051303 0.140954
-0.268798 -0.045564 0.125186
-0.276706 -0.039641 0.108914
-0.283500 -0.033559 0.092203
-0.289153 -0.027342 0.075121
-0.293641 -0.021014 0.057737
-0.296946 -0.014602 0.040120
-0.299056 -0.008132 0.022341
-0.299962 -0.001628 0.004473
-0.299660 0.004882 -0.013414
-0.298152 0.011373 -0.031246
-0.295442 0.017817 -0.048953
-0.291543 0.024190 -0.066462
-0.286471 0.030466 -0.083704
-0.280244 0.036619 -0.100609
-0.272890 0.042624 -0.117109
-0.264436 0.048458 -0.133137
-0.254918 0.054097 -0.148629
-0.244373 0.059517 -0.163523
-0.232844 0.064699 -0.177758
-0.220378 0.069619 -0.191277
-0.207024 0.074259 -0.204026
-0.192836 0.078601 -0.215954
-0.177872 0.082626 -0.227012
-0.162192 0.086318 -0.237156
-0.145859 0.089662 -0.246345
-0.128938 0.092646 -0.254542
-0.111499 0.095256 -0.261714
-0.093610 0.097483 -0.267832
-0.075344 0.099317 -0.272872
-0.056775 0.100752 -0.276813
-0.037978 0.101781 -0.279640
-0.019027 0.102399 -0.281340
-0.000000 0.102606 -0.281908
