0.000000 0.093969 -0.034202
0.006342 0.093780 -0.034133
0.012659 0.093213 -0.033927
0.018925 0.092271 -0.033584
0.025115 0.090957 -0.033106
0.031203 0.089277 -0.032494
0.037166 0.087238 -0.031752
0.042979 0.084847 -0.030882
0.048620 0.082115 -0.029887
0.054064 0.079052 -0.028773
0.059291 0.075671 -0.027542
0.064279 0.071985 -0.026200
0.069008 0.068009 -0.024753
0.073459 0.063759 -0.023206
0.077615 0.059253 -0.021566
0.081458 0.054508 -0.019839
0.084973 0.049543 -0.018032
0.088145 0.044379 -0.016153
0.090963 0.039036 -0.014208
0.093415 0.033536 -0.012206
0.095490 0.027901 -0.010155
0.097181 0.022154 -0.008063
0.098481 0.016318 -0.005939
0.099384 0.010415 -0.003791
0.099887 0.004471 -0.001627
0.099987 -0.001491 0.000543
0.099685 -0.007447 0.002711
0.098982 -0.013373 0.004867
0.097880 -0.019246 0.007005
0.096384 -0.025040 0.009114
0.094500 -0.030734 0.011186
0.092235 -0.036305 0.013214
0.089599 -0.041729 0.015188
0.086603 -0.046985 0.017101
0.083257 -0.052051 0.018945
0.079576 -0.056909 0.020713
0.075575 -0.061537 0.022398
0.071269 -0.065917 0.023992
0.066677 -0.070032 0.025490
0.061816 -0.073865 0.026885
0.056706 -0.077400 0.028171
0.051368 -0.080624 0.029345
0.045823 -0.083523 0.030400
0.040093 -0.086086 0.031333
0.034202 -0.088302 0.032139
0.028173 -0.090163 0.032817
0.022031 -0.091660 0.033362
0.015800 -0.092789 0.033772
0.009506 -0.093544 0.034047
0.003173 -0.093922 0.034185
-0.003173 -0.093922 0.034185
-0.009506 -0.093544 0.034047
-0.015800 -0.092789 0.033772
-0.022031 -0.091660 0.033362
-0.028173 -0.090163 0.032817
-0.034202 -0.088302 0.032139
-0.040093 -0.086086 0.031333
-0.045823 -0.083523 0.030400
-0.051368 -0.080624 0.029345
-0.056706 -0.077400 0.028171
-0.061816 -0.073865 0.026885
-0.066677 -0.070032 0.025490
-0.071269 -0.065917 0.023992
-0.075575 -0.061537 0.022398
-0.079576 -0.056909 0.020713
-0.083257 -0.052051 0.018945
-0.086603 -0.046985 0.017101
-0.089599 -0.041729 0.015188
-0.092235 -0.036305 0.013214
-0.094500 -0.030734 0.011186
-0.096384 -0.025040 0.009114
-0.097880 -0.019246 0.007005
-0.098982 -0.013373 0.004867
-0.099685 -0.007447 0.002711
-0.099987 -0.001491 0.000543
-0.099887 0.004471 -0.001627
-0.099384 0.010415 -0.003791
-0.098481 0.016318 -0.005939
-0.097181 0.022154 -0.008063
-0.095490 0.027901 -0.010155
-0.093415 0.033536 -0.012206
-0.090963 0.039036 -0.014208
-0.088145 0.044379 -0.016153
-0.084973 0.049543 -0.018032
-0.081458 0.054508 -0.019839
-0.077615 0.059253 -0.021566
-0.073459 0.063759 -0.023206
-0.069008 0.068009 -0.024753
-0.064279 0.071985 -0.026200
-0.059291 0.075671 -0.027542
-0.054064 0.079052 -0.028773
-0.048620 0.082115 -0.029887
-0.042979 0.084847 -0.030882
-0.037166 0.087238 -0.031752
-0.031203 0.089277 -0.032494
-0.025115 0.090957 -0.033106
-0.018925 0.092271 -0.033584
-0.012659 0.093213 -0.033927
-0.006342 0.093780 -0.034133
-0.000000 0.093969 -0.034202
