0.000000 -0.098481 -0.017365
0.006342 -0.098283 -0.017330
0.012659 -0.097688 -0.017225
0.018925 -0.096701 -0.017051
0.025115 -0.095324 -0.016808
0.031203 -0.093564 -0.016498
0.037166 -0.091426 -0.016121
0.042979 -0.088921 -0.015679
0.048620 -0.086057 -0.015174
0.054064 -0.082847 -0.014608
0.059291 -0.079304 -0.013983
0.064279 -0.075441 -0.013302
0.069008 -0.071274 -0.012568
0.073459 -0.066820 -0.011782
0.077615 -0.062097 -0.010949
0.081458 -0.057124 -0.010073
0.084973 -0.051922 -0.009155
0.088145 -0.046510 -0.008201
0.090963 -0.040910 -0.007214
0.093415 -0.035146 -0.006197
0.095490 -0.029241 -0.005156
0.097181 -0.023218 -0.004094
0.098481 -0.017101 -0.003015
0.099384 -0.010915 -0.001925
0.099887 -0.004686 -0.000826
0.099987 0.001562 0.000276
0.099685 0.007805 0.001376
0.098982 0.014015 0.002471
0.097880 0.020170 0.003556
0.096384 0.026243 0.004627
0.094500 0.032210 0.005679
0.092235 0.038048 0.006709
0.089599 0.043732 0.007711
0.086603 0.049240 0.008682
0.083257 0.054550 0.009619
0.079576 0.059641 0.010516
0.075575 0.064491 0.011372
0.071269 0.069082 0.012181
0.066677 0.073394 0.012941
0.061816 0.077411 0.013650
0.056706 0.081116 0.014303
0.051368 0.084495 0.014899
0.045823 0.087533 0.015434
0.040093 0.090219 0.015908
0.034202 0.092542 0.016318
0.028173 0.094492 0.016661
0.022031 0.096061 0.016938
0.015800 0.097244 0.017147
0.009506 0.098035 0.017286
0.003173 0.098431 0.017356
-0.003173 0.098431 0.017356
-0.009506 0.098035 0.017286
-0.015800 0.097244 0.017147
-0.022031 0.096061 0.016938
-0.028173 0.094492 0.016661
-0.034202 0.092542 0.016318
-0.040093 0.090219 0.015908
-0.045823 0.087533 0.015434
-0.051368 0.084495 0.014899
-0.056706 0.081116 0.014303
-0.061816 0.077411 0.013650
-0.066677 0.073394 0.012941
-0.071269 0.069082 0.012181
-0.075575 0.064491 0.011372
-0.079576 0.059641 0.010516
-0.083257 0.054550 0.009619
-0.086603 0.049240 0.008682
-0.089599 0.043732 0.007711
-0.092235 0.038048 0.006709
-0.094500 0.032210 0.005679
-0.096384 0.026243 0.004627
-0.097880 0.020170 0.003556
-0.098982 0.014015 0.002471
-0.099685 0.007805 0.001376
-0.099987 0.001562 0.000276
-0.099887 -0.004686 -0.000826
-0.099384 -0.010915 -0.001925
-0.098481 -0.017101 -0.003015
-0.097181 -0.023218 -0.004094
-0.095490 -0.029241 -0.005156
-0.093415 -0.035146 -0.006197
-0.090963 -0.040910 -0.007214
-0.088145 -0.046510 -0.008201
-0.084973 -0.051922 -0.009155
-0.081458 -0.057124 -0.010073
-0.077615 -0.062097 -0.010949
-0.073459 -0.066820 -0.011782
-0.069008 -0.071274 -0.012568
-0.064279 -0.075441 -0.013302
-0.059291 -0.079304 -0.013983
-0.054064 -0.082847 -0.014608
-0.048620 -0.086057 -0.015174
-0.042979 -0.088921 -0.015679
-0.037166 -0.091426 -0.016121
-0.031203 -0.093564 -0.016498
-0.025115 -0.095324 -0.016808
-0.018925 -0.096701 -0.017051
-0.012659 -0.097688 -0.017225
-0.006342 -0.098283 -0.017330
-0.000000 -0.098481 -0.017365
