0.000000 -0.100000 -0.173205
0.012685 -0.099799 -0.172856
0.025318 -0.099195 -0.171812
0.037850 -0.098193 -0.170075
0.050230 -0.096795 -0.167654
0.062407 -0.095007 -0.164557
0.074332 -0.092837 -0.160798
0.085959 -0.090293 -0.156391
0.097239 -0.087385 -0.151355
0.108128 -0.084125 -0.145709
0.118582 -0.080527 -0.139477
0.128558 -0.076604 -0.132683
0.138016 -0.072373 -0.125354
0.146918 -0.067851 -0.117521
0.155229 -0.063055 -0.109215
0.162915 -0.058006 -0.100469
0.169945 -0.052723 -0.091318
0.176291 -0.047227 -0.081800
0.181926 -0.041542 -0.071952
0.186830 -0.035689 -0.061815
0.190980 -0.029692 -0.051428
0.194362 -0.023576 -0.040835
0.196962 -0.017365 -0.030077
0.198768 -0.011084 -0.019198
0.199773 -0.004758 -0.008241
0.199975 0.001587 0.002748
0.199371 0.007925 0.013726
0.197964 0.014231 0.024650
0.195760 0.020481 0.035474
0.192768 0.026647 0.046155
0.189000 0.032707 0.056650
0.184471 0.038635 0.066917
0.179199 0.044407 0.076915
0.173205 0.050000 0.086603
0.166514 0.055392 0.095942
0.159152 0.060561 0.104895
0.151150 0.065486 0.113425
0.142539 0.070147 0.121499
0.133354 0.074526 0.129084
0.123632 0.078605 0.136148
0.113412 0.082368 0.142665
0.102735 0.085798 0.148607
0.091645 0.088884 0.153951
0.080186 0.091611 0.158675
0.068404 0.093969 0.162760
0.056347 0.095949 0.166189
0.044062 0.097543 0.168949
0.031600 0.098744 0.171029
0.019011 0.099547 0.172421
0.006346 0.099950 0.173118
-0.006346 0.099950 0.173118
-0.019011 0.099547 0.172421
-0.031600 0.098744 0.171029
-0.044062 0.097543 0.168949
-0.056347 0.095949 0.166189
-0.068404 0.093969 0.162760
-0.080186 0.091611 0.158675
-0.091645 0.088884 0.153951
-0.102735 0.085798 0.148607
-0.113412 0.082368 0.142665
-0.123632 0.078605 0.136148
-0.133354 0.074526 0.129084
-0.142539 0.070147 0.121499
-0.151150 0.065486 0.113425
-0.159152 0.060561 0.104895
-0.166514 0.055392 0.095942
-0.173205 0.050000 0.086603
-0.179199 0.044407 0.076915
-0.184471 0.038635 0.066917
-0.189000 0.032707 0.056650
-0.192768 0.026647 0.046155
-0.195760 0.020481 0.035474
-0.197964 0.014231 0.024650
-0.199371 0.007925 0.013726
-0.199975 0.001587 0.002748
-0.199773 -0.004758 -0.008241
-0.198768 -0.011084 -0.019198
-0.196962 -0.017365 -0.030077
-0.194362 -0.023576 -0.040835
-0.190980 -0.029692 -0.051428
-0.186830 -0.035689 -0.061815
-0.181926 -0.041542 -0.071952
-0.176291 -0.047227 -0.081800
-0.169945 -0.052723 -0.091318
-0.162915 -0.058006 -0.100469
-0.155229 -0.063055 -0.109215
-0.146918 -0.067851 -0.117521
-0.138016 -0.072373 -0.125354
-0.128558 -0.076604 -0.132683
-0.118582 -0.080527 -0.139477
-0.108128 -0.084125 -0.145709
-0.097239 -0.087385 -0.151355
-0.085959 -0.090293 -0.156391
-0.074332 -0.092837 -0.160798
-0.062407 -0.095007 -0.164557
-0.050230 -0.096795 -0.167654
-0.037850 -0.098193 -0.170075
-0.025318 -0.099195 -0.171812
-0.012685 -0.099799 -0.172856
-0.000000 -0.100000 -0.173205
